0
0
120
200
280
360
440
520
600
680
760
840
920
1000
1120
1200
1280
1360
1440
1520
1600
1680
1760
1840
1920
2000
2000
2120
2200
2280
2360
2440
2520
2600
2680
2760
2840
2920
3000
3120
3200
3280
3360
3440
3520
3600
3680
3760
3840
3920
4000
4000
4120
4200
4280
4360
4440
4520
4600
4680
4760
4840
4920
5000
5120
5200
5280
5360
5440
5520
5600
5680
5760
5840
5920
6000
6000
6120
6200
6280
6360
6440
6520
6600
6680
6760
6840
6920
7000
7120
7200
7280
7360
7440
7520
7600
7680
7760
7840
7920
8000
8000
8120
8200
8280
8360
8440
8520
8600
8680
8760
8840
8920
9000
9120
9200
9280
9360
9440
9520
9600
9680
9760
9840
9920
10000
10000
10120
10200
10280
10360
10440
10520
10600
10680
10760
10840
10920
11000
11120
11200
11280
11360
11440
11520
11600
11680
11760
11840
11920
12000
12000
12120
12200
12280
12360
12440
12520
12600
12680
12760
12840
12920
13000
13120
13200
13280
13360
13440
13520
13600
13680
13760
13840
13920
14000
14000
14120
14200
14280
14360
14440
14520
14600
14680
14760
14840
14920
15000
15120
15200
15280
15360
15440
15520
15600
15680
15760
15840
15920
16000
16000
16120
16200
16280
16360
16440
16520
16600
16679
16760
16839
16919
16999
17119
17199
17279
17359
17439
17519
17599
17679
17760
17839
17919
17999
17999
18119
18199
18279
18359
18439
18519
18599
18679
18759
18839
18919
18999
19119
19199
19279
19359
19439
19519
19599
19679
19759
19839
19919
19999
19999
20119
20199
20279
20359
20439
20519
20599
20679
20759
20839
20919
20999
21119
21199
21279
21359
21439
21519
21599
21679
21759
21839
21919
21999
21999
22119
22199
22279
22359
22439
22519
22599
22679
22759
22839
22919
22999
23119
23199
23279
23359
23439
23519
23599
23679
23759
23839
23919
23999
23999
24119
24199
24279
24359
24439
24519
24599
24679
24759
24839
24919
24999
25119
25199
25279
25359
25439
25519
25599
25679
25759
25839
25919
25999
25999
26119
26199
26279
26359
26439
26519
26599
26679
26759
26839
26919
26999
27119
27199
27279
27359
27439
27519
27599
27679
27759
27839
27919
27999
27999
28119
28199
28279
28359
28439
28519
28599
28679
28759
28839
28919
28999
29119
29199
29279
29359
29439
29519
29599
29679
29759
29839
29919
29999
29999
30119
30199
30279
30359
30439
30519
30599
30679
30759
30839
30919
30999
31119
31199
31279
31359
31439
31519
31599
31679
31759
31839
31919
31999
31999
32119
32199
32279
32359
32439
32519
32599
32679
32759
32839
32919
32999
33119
33199
33279
33359
33439
33519
33599
33679
33759
33839
33919
33999
33999
34119
34199
34279
34359
34439
34519
34599
34679
34759
34839
34919
34999
35119
35199
35279
35359
35439
35519
35599
35679
35759
35839
35919
35999
35999
36119
36199
36279
36359
36439
36519
36599
36679
36759
36839
36919
36999
37119
37199
37279
37359
37439
37519
37599
37679
37759
37839
37919
37999
37999
38119
38199
38279
38359
38439
38519
38599
38679
38759
38839
38919
38999
39119
39199
39279
39359
39439
39519
39599
39679
39759
39839
39919
39999
39999
40119
40199
40279
40359
40439
40519
40599
40679
40759
40839
40919
40999
41119
41199
41279
41359
41439
41519
41599
41679
41759
41839
41919
41999
41999
42119
42199
42279
42359
42439
42519
42599
42679
42759
42839
42919
42999
43119
43199
43279
43359
43439
43519
43599
43679
43759
43839
43919
43999
43999
44119
44199
44279
44359
44439
44519
44599
44679
44759
44839
44919
44999
45119
45199
45279
45359
45439
45519
45599
45679
45759
45839
45919
45999
45999
46119
46199
46279
46359
46439
46519
46599
46679
46759
46839
46919
46999
47119
47199
47279
47359
47439
47519
47599
47679
47759
47839
47919
47999
47999
48119
48199
48279
48359
48439
48519
48599
48679
48759
48839
48919
48999
49119
49199
49279
49359
49439
49519
49599
49679
49759
49839
49919
49999
49999
50119
50199
50279
50358
50439
50518
50598
50678
50758
50838
50918
50998
51118
51198
51278
51358
51438
51518
51598
51678
51758
51838
51918
51998
51998
52118
52198
52278
52358
52438
52518
52598
52678
52758
52838
52918
52998
53118
53198
53278
53358
53438
53518
53598
53678
53758
53838
53918
53998
53998
54118
54198
54278
54358
